157286400S
194287 56
10123 1
8099 1
1575 1
8098 1
12865 1
1575 1
278734 1
1575 1
10122 1
1574 1
11081 1
4668 1
9502 1
297986 1
81482 1
1574 1
4346 1
4560 1
11279 1
4941 1
4505 1
4424 1
1575 1
11034 1
8360 1
11753 1
1575 1
27767 1
8189 1
802419 1
11830 1
4411 1
10043 1
2800 1
4651 1
3587 1
8995 1
322717 1
1524 1
1535 1
11830 1
9413 1
8134 1
6165 1
323854 1
1536 1
11084 1
9002 1
8365 1
1538 1
4782 1
11842 1
11887 1
8112 1
1538 1
8620 1
1535 1
21618 1
1964 1
4004 1
739741 1
-2418607 -35
-62431 -9
11406 1
116972 1
1535 1
6238 1
8618 1
8431 1
4890 1
739737 1
1536 1
11788 1
4592 1
8145 1
1536 1
1871 1
8628 1
1536 1
5843 1
11377 1
210431 1
8118 1
4487 1
1537 1
8107 1
8452 1
8491 1
4568 1
1536 1
11782 1
9003 1
3775 1
43565 1
8633 1
1538 1
57129 1
869412 1
8106 1
8121 1
11959 1
4539 1
869506 1
9028 1
227654 1
3949 1
8642 1
4482 1
3712 1
8128 1
5027 1
4512 1
5061 1
9040 1
5141 1
8311 1
17173 1
4788 1
11311 1
3837 1
8108 1
41826 1
856187 1
8979 1
-960873 -9
-53392 -9
-2012274 -9
-57129 -1
-8633 -1
-68125 -4
-25050 -3
-244824 -6
-8628 -1
-8145 -1
-4592 -1
-11788 -1
-739737 -1
-4890 -1
-8431 -1
-8618 -1
-6238 -1
-116972 -1
-11406 -1
-4346 -1
-81482 -1
-297986 -1
-9502 -1
-4668 -1
-11081 -1
-10122 -1
-278734 -1
-12865 -1
-8098 -1
-8099 -1
-10123 -1
-8670 -1
-7825 -1
-776 -1
11268 1
3577 1
8105 1
6848 1
9380 1
11076 1
3109 1
9050 1
745662 1
8726 1
11304 1
1049459 1
2441 1
9045 1
11347 1
1049537 1
8112 1
4385 1
301856 1
9029 1
11286 1
8142 1
315795 1
27081 1
9001 1
1114513 1
11315 1
1114001 1
3593 1
190177 1
8057 1
7608 1
11351 1
14757 1
10791 1
-6154431 -50
-131608 -29
6028 1
12838 1
13104 1
3769 1
9910 1
13574 1
10778 1
25397 1
11260 1
14381 1
13123 1
13796 1
9871 1
12966 1
4576 1
13071 1
26848 1
23822 1
13789 1
23882 1
13985 1
10797 1
13842 1
5692 1
23403 1
6843 1
11240 1
15093 1
10897 1
300173 1
23600 1
900883 1
13057 1
32194 1
5061 1
2820 1
15645 1
2286 1
5661 1
16530 1
1509 1
53194 1
21590 1
4927 1
24600 1
279082 1
12992 1
189565 1
11842 1
8664 1
8185 1
12868 1
23115 1
7280 1
3129 1
199807 1
17580 1
9453 1
2819 1
9407 1
20789 1
3313 1
18911 1
23378 1
6416 1
23568 1
201777 1
3358 1
9378 1
9575 1
3325 1
16798 1
541016 1
6968 1
12988 1
15225 1
4041 1
12798 1
13210 1
3861 1
2982 1
3065 1
3065 1
2899 1
3832 1
3160 1
3060 1
2899 1
3855 1
4069 1
2894 1
6945 1
3189 1
6952 1
4169 1
14034 1
2957 1
3228 1
3830 1
16008 1
2776 1
5279 1
6934 1
3304 1
3364 1
18214 1
3530 1
2907 1
7997 1
18031 1
8961 1
3453 1
4280 1
1816 1
8858 1
258071 1
3704 1
2859 1
258115 1
10143 1
34559 1
23455 1
12882 1
18021 1
8753 1
3226 1
12421 1
12790 1
10339 1
8752 1
15438 1
6525 1
418214 1
10197 1
189628 1
12227 1
418241 1
11785 1
26544 1
16774 1
22982 1
11184 1
8718 1
13254 1
11323 1
2040 1
9988 1
5718 1
5585 1
5587 1
5598 1
17814 1
20104 1
11076 1
16586 1
428227 1
10138 1
5060 1
13950 1
23281 1
15515 1
12268 1
4346 1
10200 1
3057 1
3057 1
3010 1
3052 1
3010 1
3311 1
29075 1
3006 1
12347 1
4354 1
3010 1
11254 1
3355 1
3006 1
3757 1
12474 1
13780 1
2970 1
3006 1
4526 1
3278 1
17841 1
2970 1
3284 1
3422 1
15892 1
2975 1
4558 1
3231 1
3300 1
13227 1
4095 1
18026 1
13850 1
13944 1
9716 1
4353 1
3364 1
6230 1
15271 1
13988 1
3340 1
6192 1
3055 1
11120 1
6266 1
11208 1
3060 1
20873 1
384021 1
20050 1
3060 1
3845 1
5848 1
17647 1
14865 1
26390 1
372480 1
6969 1
3353 1
3771 1
384051 1
3305 1
12757 1
5923 1
3361 1
3782 1
14876 1
3350 1
372408 1
26724 1
3301 1
382194 1
2234 1
4887 1
475096 1
10803 1
4182 1
3437 1
3326 1
3315 1
3014 1
16085 1
4562 1
3014 1
3310 1
3009 1
3347 1
3589 1
3901 1
3777 1
3775 1
3309 1
11600 1
15614 1
4983 1
3688 1
16086 1
9258 1
3768 1
1835 1
4571 1
398108 1
16082 1
10078 1
6901 1
10533 1
344495 1
4557 1
3640 1
